[0.00019  0.000364 0.000387 0.000387 0.000404 0.000484 0.000545 0.000584
 0.000659 0.000682 0.000764 0.000803 0.000953 0.000955 0.001011 0.001091
 0.001198 0.00122  0.001268 0.001454 0.001577 0.001622 0.001799 0.001898
 0.00208  0.002187 0.002286 0.002565 0.002545 0.002847 0.002969 0.003243
 0.003537 0.003655 0.004137 0.004449 0.004835 0.005643 0.006194 0.006966
 0.007927 0.008934 0.010232 0.011577 0.013587 0.014731 0.016405 0.018417
 0.019707 0.021135 0.022797 0.024661 0.02635  0.028112 0.029802 0.031854
 0.033539 0.033332 0.032713 0.031685 0.030888 0.030298 0.029424 0.028805
 0.027816 0.027197 0.02602  0.02552  0.024585 0.023818 0.022988 0.021948
 0.020937 0.019836 0.018957 0.017612 0.016627 0.015335 0.013396 0.01244
 0.010592 0.008495 0.005748 0.000784]